00 00 00 00 00 00 00 00   00 00 00 00 00 00 1B 1B 
1B 1B 01 01 01 01 76 07   00 07 02 B3 14 C9 62 00 
62 00 72 63 01 01 76 01   01 07 00 07 00 EC 5C 43 
0B 06 45 4D 48 01 0E 15   C3 06 D2 01 01 63 77 7C 
00 76 07 00 07 02 B3 14   CA 62 00 62 00 72 63 07 
01 77 01 0B 06 45 4D 48   01 0E 15 C3 06 D2 07 01 
00 62 0A FF FF 72 62 01   65 00 EC 2F E8 7A 77 07 
81 81 C7 82 03 FF 01 01   01 01 04 45 4D 48 01 77 
07 01 00 00 00 09 FF 01   01 01 01 0B 06 45 4D 48 
01 0E 15 C3 06 D2 01 77   07 01 00 01 08 00 FF 64 
01 02 82 01 62 1E 52 FF   56 00 00 4D 12 64 01 77 
07 01 00 02 08 00 FF 64   01 02 82 01 62 1E 52 FF 
56 00 02 CF F6 70 01 77   07 01 00 01 08 01 FF 01 
01 62 1E 52 FF 56 00 00   00 33 81 01 77 07 01 00 
02 08 01 FF 01 01 62 1E   52 FF 56 00 02 CF F6 70 
01 77 07 01 00 01 08 02   FF 01 01 62 1E 52 FF 56 
00 00 4C DE E3 01 77 07   01 00 02 08 02 FF 01 01 
62 1E 52 FF 56 00 00 00   00 00 01 77 07 01 00 10 
07 00 FF 01 01 62 1B 52   FF 55 00 00 06 86 01 77 
07 81 81 C7 82 05 FF 01   72 62 01 65 00 EC 2F E8 
01 01 83 02 DA 58 25 9C   39 38 88 3F F4 88 CB 4C 
2A AA F1 EA 7D AC 2B 35   AB 95 A2 67 E4 87 28 2B 
37 32 F7 A7 81 5B 49 5E   90 DF 45 8A 9E 1D 26 3E 
85 A2 2D F9 01 01 01 63   A0 9B 00 76 07 00 07 02 
B3 14 CD 62 00 62 00 72   63 02 01 71 01 63 9E CC 
00 00 1B 1B 1B 1B 1A 01   E5 CB 1B 1B 1B 1B 01 01 
01 01 76 07 00 07 02 B3   14 CF 62 00 62 00 72 63 
01 01 76 01 01 07 00 07   00 EC 5C 45 0B 06 45 4D 
48 01 0E 15 C3 06 D2 01   01 63 47 49 00 76 07 00 
07 02 B3 14 D0 62 00 62   00 72 63 07 01 77 01 0B 
06 45 4D 48 01 0E 15 C3   06 D2 07 01 00 62 0A FF 
FF 72 62 01 65 00 EC 2F   EA 7A 77 07 81 81 C7 82 
03 FF 01 01 01 01 04 45   4D 48 01 77 07 01 00 00 
00 09 FF 01 01 01 01 0B   06 45 4D 48 01 0E 15 C3 
06 D2 01 77 07 01 00 01   08 00 FF 64 01 02 82 01 
62 1E 52 FF 56 00 00 4D   12 65 01 77 07 01 00 02 
08 00 FF 64 01 02 82 01   62 1E 52 FF 56 00 02 CF 
F6 70 01 77 07 01 00 01   08 01 FF 01 01 62 1E 52 
FF 56 00 00 00 33 81 01   77 07 01 00 02 08 01 FF 
01 01 62 1E 52 FF 56 00   02 CF F6 70 01 77 07 01 
00 01 08 02 FF 01 01 62   1E 52 FF 56 00 00 4C DE 
E4 01 77 07 01 00 02 08   02 FF 01 01 62 1E 52 FF 
56 00 00 00 00 00 01 77   07 01 00 10 07 00 FF 01 
01 62 1B 52 FF 55 00 00   06 AA 01 77 07 81 81 C7 
82 05 FF 01 72 62 01 65   00 EC 2F EA 01 01 83 02 
DA 58 25 9C 39 38 88 3F   F4 88 CB 4C 2A AA F1 EA 
7D AC 2B 35 AB 95 A2 67   E4 87 28 2B 37 32 F7 A7 
81 5B 49 5E 90 DF 45 8A   9E 1D 26 3E 85 A2 2D F9 
01 01 01 63 2D 3B 00 76   07 00 07 02 B3 14 D3 62 
00 62 00 72 63 02 01 71   01 63 06 F4 00 00 1B 1B 
1B 1B 1A 01 56 21 1B 1B   1B 1B 01 01 01 01 76 07 
00 07 02 B3 14 D5 62 00   62 00 72 63 01 01 76 01 
01 07 00 07 00 EC 5C 47   0B 06 45 4D 48 01 0E 15 
C3 06 D2 01 01 63 23 B7   00 76 07 00 07 02 B3 14 
D6 62 00 62 00 72 63 07   01 77 01 0B 06 45 4D 48 
01 0E 15 C3 06 D2 07 01   00 62 0A FF FF 72 62 01 
65 00 EC 2F EC 7A 77 07   81 81 C7 82 03 FF 01 01 
01 01 04 45 4D 48 01 77   07 01 00 00 00 09 FF 01 
01 01 01 0B 06 45 4D 48   01 0E 15 C3 06 D2 01 77 
07 01 00 01 08 00 FF 64   01 02 82 01 62 1E 52 FF 
56 00 00 4D 12 66 01 77   07 01 00 02 08 00 FF 64 
01 02 82 01 62 1E 52 FF   56 00 02 CF F6 70 01 77 
07 01 00 01 08 01 FF 01   01 62 1E 52 FF 56 00 00 
00 33 81 01 77 07 01 00   02 08 01 FF 01 01 62 1E 
52 FF 56 00 02 CF F6 70   01 77 07 01 00 01 08 02 
FF 01 01 62 1E 52 FF 56   00 00 4C DE E5 01 77 07 
01 00 02 08 02 FF 01 01   62 1E 52 FF 56 00 00 00 
00 00 01 77 07 01 00 10   07 00 FF 01 01 62 1B 52 
FF 55 00 00 06 E1 01 77   07 81 81 C7 82 05 FF 01 
72 62 01 65 00 EC 2F EC   01 01 83 02 DA 58 25 9C 
39 38 88 3F F4 88 CB 4C   2A AA F1 EA 7D AC 2B 35 
AB 95 A2 67 E4 87 28 2B   37 32 F7 A7 81 5B 49 5E 
90 DF 45 8A 9E 1D 26 3E   85 A2 2D F9 01 01 01 63 
C3 4B 00 76 07 00 07 02   B3 14 D9 62 00 62 00 72 
63 02 01 71 01 63 8E E3   00 00 1B 1B 1B 1B 1A 01 
8C A7 1B 1B 1B 1B 01 01   01 01 76 07 00 07 02 B3 
14 DB 62 00 62 00 72 63   01 01 76 01 01 07 00 07 
00 EC 5C 49 0B 06 45 4D   48 01 0E 15 C3 06 D2 01 
01 63 53 CE 00 76 07 00   07 02 B3 14 DC 62 00 62 
00 72 63 07 01 77 01 0B   06 45 4D 48 01 0E 15 C3 
06 D2 07 01 00 62 0A FF   FF 72 62 01 65 00 EC 2F 
EE 7A 77 07 81 81 C7 82   03 FF 01 01 01 01 04 45 
4D 48 01 77 07 01 00 00   00 09 FF 01 01 01 01 0B 
06 45 4D 48 01 0E 15 C3   06 D2 01 77 07 01 00 01 
08 00 FF 64 01 02 82 01   62 1E 52 FF 56 00 00 4D 
12 67 01 77 07 01 00 02   08 00 FF 64 01 02 82 01 
62 1E 52 FF 56 00 02 CF   F6 70 01 77 07 01 00 01 
08 01 FF 01 01 62 1E 52   FF 56 00 00 00 33 81 01 
77 07 01 00 02 08 01 FF   01 01 62 1E 52 FF 56 00 
02 CF F6 70 01 77 07 01   00 01 08 02 FF 01 01 62 
1E 52 FF 56 00 00 4C DE   E6 01 77 07 01 00 02 08 
02 FF 01 01 62 1E 52 FF   56 00 00 00 00 00 01 77 
07 01 00 10 07 00 FF 01   01 62 1B 52 FF 55 00 00 
06 81 01 77 07 81 81 C7   82 05 FF 01 72 62 01 65 
00 EC 2F EF 01 01 83 02   DA 58 25 9C 39 38 88 3F 
F4 88 CB 4C 2A AA F1 EA   7D AC 2B 35 AB 95 A2 67 
E4 87 28 2B 37 32 F7 A7   81 5B 49 5E 90 DF 45 8A 
9E 1D 26 3E 85 A2 2D F9   01 01 01 63 8A 2C 00 76 
07 00 07 02 B3 14 DF 62   00 62 00 72 63 02 01 71 
01 63 F9 16 00 00 1B 1B   1B 1B 1A 01 CD E0 1B 1B 
1B 1B 01 01 01 01 76 07   00 07 02 B3 14 E1 62 00 
62 00 72 63 01 01 76 01   01 07 00 07 00 EC 5C 4B 
0B 06 45 4D 48 01 0E 15   C3 06 D2 01 01 63 99 AC 
00 76 07 00 07 02 B3 14   E2 62 00 62 00 72 63 07 
01 77 01 0B 06 45 4D 48   01 0E 15 C3 06 D2 07 01 
00 62 0A FF FF 72 62 01   65 00 EC 2F F0 7A 77 07 
81 81 C7 82 03 FF 01 01   01 01 04 45 4D 48 01 77 
07 01 00 00 00 09 FF 01   01 01 01 0B 06 45 4D 48 
01 0E 15 C3 06 D2 01 77   07 01 00 01 08 00 FF 64 
01 02 82 01 62 1E 52 FF   56 00 00 4D 12 68 01 77 
07 01 00 02 08 00 FF 64   01 02 82 01 62 1E 52 FF 
56 00 02 CF F6 70 01 77   07 01 00 01 08 01 FF 01 
01 62 1E 52 FF 56 00 00   00 33 81 01 77 07 01 00 
02 08 01 FF 01 01 62 1E   52 FF 56 00 02 CF F6 70 
01 77 07 01 00 01 08 02   FF 01 01 62 1E 52 FF 56 
00 00 4C DE E7 01 77 07   01 00 02 08 02 FF 01 01 
62 1E 52 FF 56 00 00 00   00 00 01 77 07 01 00 10 
07 00 FF 01 01 62 1B 52   FF 55 00 00 06 CC 01 77 
07 81 81 C7 82 05 FF 01   72 62 01 65 00 EC 2F F1 
01 01 83 02 DA 58 25 9C   39 38 88 3F F4 88 CB 4C 
2A AA F1 EA 7D AC 2B 35   AB 95 A2 67 E4 87 28 2B 
37 32 F7 A7 81 5B 49 5E   90 DF 45 8A 9E 1D 26 3E 
85 A2 2D F9 01 01 01 63   A3 4E 00 76 07 00 07 02 
B3 14 E5 62 00 62 00 72   63 02 01 71 01 63 BE 92 
00 00 1B 1B 1B 1B 1A 01   6C F9 1B 1B 1B 1B 01 01 
01 01 76 07 00 07 02 B3   14 E7 62 00 62 00 72 63 
01 01 76 01 01 07 00 07   00 EC 5C 4D 0B 06 45 4D 
48 01 0E 15 C3 06 D2 01   01 63 A9 99 00 76 07 00 
07 02 B3 14 E8 62 00 62   00 72 63 07 01 77 01 0B 
06 45 4D 48 01 0E 15 C3   06 D2 07 01 00 62 0A FF 
FF 72 62 01 65 00 EC 2F   F3 7A 77 07 81 81 C7 82 
03 FF 01 01 01 01 04 45   4D 48 01 77 07 01 00 00 
00 09 FF 01 01 01 01 0B   06 45 4D 48 01 0E 15 C3 
06 D2 01 77 07 01 00 01   08 00 FF 64 01 02 82 01 
62 1E 52 FF 56 00 00 4D   12 69 01 77 07 01 00 02 
08 00 FF 64 01 02 82 01   62 1E 52 FF 56 00 02 CF 
F6 70 01 77 07 01 00 01   08 01 FF 01 01 62 1E 52 
FF 56 00 00 00 33 81 01   77 07 01 00 02 08 01 FF 
01 01 62 1E 52 FF 56 00   02 CF F6 70 01 77 07 01 
00 01 08 02 FF 01 01 62   1E 52 FF 56 00 00 4C DE 
E8 01 77 07 01 00 02 08   02 FF 01 01 62 1E 52 FF 
56 00 00 00 00 00 01 77   07 01 00 10 07 00 FF 01 
01 62 1B 52 FF 55 00 00   06 A7 01 77 07 81 81 C7 
82 05 FF 01 72 62 01 65   00 EC 2F F3 01 01 83 02 
DA 58 25 9C 39 38 88 3F   F4 88 CB 4C 2A AA F1 EA 
7D AC 2B 35 AB 95 A2 67   E4 87 28 2B 37 32 F7 A7 
81 5B 49 5E 90 DF 45 8A   9E 1D 26 3E 85 A2 2D F9 
01 01 01 63 DC E1 00 76   07 00 07 02 B3 14 EB 62 
00 62 00 72 63 02 01 71   01 63 63 DB 00 00 1B 1B 
1B 1B 1A 01 F3 22 1B 1B   1B 1B 01 01 01 01 76 07 
00 07 02 B3 14 ED 62 00   62 00 72 63 01 01 76 01 
01 07 00 07 00 EC 5C 4F   0B 06 45 4D 48 01 0E 15 
C3 06 D2 01 01 63 9A 29   00 76 07 00 07 02 B3 14 
EE 62 00 62 00 72 63 07   01 77 01 0B 06 45 4D 48 
01 0E 15 C3 06 D2 07 01   00 62 0A FF FF 72 62 01 
65 00 EC 2F F5 7A 77 07   81 81 C7 82 03 FF 01 01 
01 01 04 45 4D 48 01 77   07 01 00 00 00 09 FF 01 
01 01 01 0B 06 45 4D 48   01 0E 15 C3 06 D2 01 77 
07 01 00 01 08 00 FF 64   01 02 82 01 62 1E 52 FF 
56 00 00 4D 12 6A 01 77   07 01 00 02 08 00 FF 64 
01 02 82 01 62 1E 52 FF   56 00 02 CF F6 70 01 77 
07 01 00 01 08 01 FF 01   01 62 1E 52 FF 56 00 00 
00 33 81 01 77 07 01 00   02 08 01 FF 01 01 62 1E 
52 FF 56 00 02 CF F6 70   01 77 07 01 00 01 08 02 
FF 01 01 62 1E 52 FF 56   00 00 4C DE E9 01 77 07 
01 00 02 08 02 FF 01 01   62 1E 52 FF 56 00 00 00 
00 00 01 77 07 01 00 10   07 00 FF 01 01 62 1B 52 
FF 55 00 00 06 A1 01 77   07 81 81 C7 82 05 FF 01 
72 62 01 65 00 EC 2F F5   01 01 83 02 DA 58 25 9C 
39 38 88 3F F4 88 CB 4C   2A AA F1 EA 7D AC 2B 35 
AB 95 A2 67 E4 87 28 2B   37 32 F7 A7 81 5B 49 5E 
90 DF 45 8A 9E 1D 26 3E   85 A2 2D F9 01 01 01 63 
2F FE 00 76 07 00 07 02   B3 14 F1 62 00 62 00 72 
63 02 01 71 01 63 AE BD   00 00 1B 1B 1B 1B 1A 01 
33 82 1B 1B 1B 1B 01 01   01 01 76 07 00 07 02 B3 
14 F3 62 00 62 00 72 63   01 01 76 01 01 07 00 07 
00 EC 5C 51 0B 06 45 4D   48 01 0E 15 C3 06 D2 01 
01 63 6A C8 00 76 07 00   07 02 B3 14 F4 62 00 62 
00 72 63 07 01 77 01 0B   06 45 4D 48 01 0E 15 C3 
06 D2 07 01 00 62 0A FF   FF 72 62 01 65 00 EC 2F 
F7 7A 77 07 81 81 C7 82   03 FF 01 01 01 01 04 45 
4D 48 01 77 07 01 00 00   00 09 FF 01 01 01 01 0B 
06 45 4D 48 01 0E 15 C3   06 D2 01 77 07 01 00 01 
08 00 FF 64 01 02 82 01   62 1E 52 FF 56 00 00 4D 
12 6B 01 77 07 01 00 02   08 00 FF 64 01 02 82 01 
62 1E 52 FF 56 00 02 CF   F6 70 01 77 07 01 00 01 
08 01 FF 01 01 62 1E 52   FF 56 00 00 00 33 81 01 
77 07 01 00 02 08 01 FF   01 01 62 1E 52 FF 56 00 
02 CF F6 70 01 77 07 01   00 01 08 02 FF 01 01 62 
1E 52 FF 56 00 00 4C DE   EA 01 77 07 01 00 02 08 
02 FF 01 01 62 1E 52 FF   56 00 00 00 00 00 01 77 
07 01 00 10 07 00 FF 01   01 62 1B 52 FF 55 00 00 
06 B4 01 77 07 81 81 C7   82 05 FF 01 72 62 01 65 
00 EC 2F F7 01 01 83 02   DA 58 25 9C 39 38 88 3F 
F4 88 CB 4C 2A AA F1 EA   7D AC 2B 35 AB 95 A2 67 
E4 87 28 2B 37 32 F7 A7   81 5B 49 5E 90 DF 45 8A 
9E 1D 26 3E 85 A2 2D F9   01 01 01 63 E0 48 00 76 
07 00 07 02 B3 14 F7 62   00 62 00 72 63 02 01 71 
01 63 D9 48 00 00 1B 1B   1B 1B 1A 01 51 08 1B 1B 
1B 1B 01 01 01 01 76 07   00 07 02 B3 14 F9 62 00 
62 00 72 63 01 01 76 01   01 07 00 07 00 EC 5C 53 
0B 06 45 4D 48 01 0E 15   C3 06 D2 01 01 63 59 78 
00 76 07 00 07 02 B3 14   FA 62 00 62 00 72 63 07 
01 77 01 0B 06 45 4D 48   01 0E 15 C3 06 D2 07 01 
00 62 0A FF FF 72 62 01   65 00 EC 2F F9 7A 77 07 
81 81 C7 82 03 FF 01 01   01 01 04 45 4D 48 01 77 
07 01 00 00 00 09 FF 01   01 01 01 0B 06 45 4D 48 
01 0E 15 C3 06 D2 01 77   07 01 00 01 08 00 FF 64 
01 02 82 01 62 1E 52 FF   56 00 00 4D 12 6C 01 77 
07 01 00 02 08 00 FF 64   01 02 82 01 62 1E 52 FF 
56 00 02 CF F6 70 01 77   07 01 00 01 08 01 FF 01 
01 62 1E 52 FF 56 00 00   00 33 81 01 77 07 01 00 
02 08 01 FF 01 01 62 1E   52 FF 56 00 02 CF F6 70 
01 77 07 01 00 01 08 02   FF 01 01 62 1E 52 FF 56 
00 00 4C DE EB 01 77 07   01 00 02 08 02 FF 01 01 
62 1E 52 FF 56 00 00 00   00 00 01 77 07 01 00 10 
07 00 FF 01 01 62 1B 52   FF 55 00 00 06 9C 01 77 
07 81 81 C7 82 05 FF 01   72 62 01 65 00 EC 2F F9 
01 01 83 02 DA 58 25 9C   39 38 88 3F F4 88 CB 4C 
2A AA F1 EA 7D AC 2B 35   AB 95 A2 67 E4 87 28 2B 
37 32 F7 A7 81 5B 49 5E   90 DF 45 8A 9E 1D 26 3E 
85 A2 2D F9 01 01 01 63   C7 A2 00 76 07 00 07 02 
B3 14 FD 62 00 62 00 72   63 02 01 71 01 63 51 5F 
00 00 1B 1B 1B 1B 1A 01   5E A2 1B 1B 1B 1B 01 01 
01 01 76 07 00 07 02 B3   14 FF 62 00 62 00 72 63 
01 01 76 01 01 07 00 07   00 EC 5C 55 0B 06 45 4D 
48 01 0E 15 C3 06 D2 01   01 63 69 4D 00 76 07 00 
07 02 B3 15 00 62 00 62   00 72 63 07 01 77 01 0B 
06 45 4D 48 01 0E 15 C3   06 D2 07 01 00 62 0A FF 
FF 72 62 01 65 00 EC 2F   FB 7A 77 07 81 81 C7 82 
03 FF 01 01 01 01 04 45   4D 48 01 77 07 01 00 00 
00 09 FF 01 01 01 01 0B   06 45 4D 48 01 0E 15 C3 
06 D2 01 77 07 01 00 01   08 00 FF 64 01 02 82 01 
62 1E 52 FF 56 00 00 4D   12 6D 01 77 07 01 00 02 
08 00 FF 64 01 02 82 01   62 1E 52 FF 56 00 02 CF 
F6 70 01 77 07 01 00 01   08 01 FF 01 01 62 1E 52 
FF 56 00 00 00 33 81 01   77 07 01 00 02 08 01 FF 
01 01 62 1E 52 FF 56 00   02 CF F6 70 01 77 07 01 
00 01 08 02 FF 01 01 62   1E 52 FF 56 00 00 4C DE 
EC 01 77 07 01 00 02 08   02 FF 01 01 62 1E 52 FF 
56 00 00 00 00 00 01 77   07 01 00 10 07 00 FF 01 
01 62 1B 52 FF 55 00 00   06 FF 01 77 07 81 81 C7 
82 05 FF 01 72 62 01 65   00 EC 2F FB 01 01 83 02 
DA 58 25 9C 39 38 88 3F   F4 88 CB 4C 2A AA F1 EA 
7D AC 2B 35 AB 95 A2 67   E4 87 28 2B 37 32 F7 A7 
81 5B 49 5E 90 DF 45 8A   9E 1D 26 3E 85 A2 2D F9 
01 01 01 63 D1 AB 00 76   07 00 07 02 B3 15 03 62 
00 62 00 72 63 02 01 71   01 63 08 5F 00 00 1B 1B 
1B 1B 1A 01 9D 20 1B 1B   1B 1B 01 01 01 01 76 07 
00 07 02 B3 15 05 62 00   62 00 72 63 01 01 76 01 
01 07 00 07 00 EC 5C 57   0B 06 45 4D 48 01 0E 15 
C3 06 D2 01 01 63 17 3C   00 76 07 00 07 02 B3 15 
06 62 00 62 00 72 63 07   01 77 01 0B 06 45 4D 48 
01 0E 15 C3 06 D2 07 01   00 62 0A FF FF 72 62 01 
65 00 EC 2F FD 7A 77 07   81 81 C7 82 03 FF 01 01 
01 01 04 45 4D 48 01 77   07 01 00 00 00 09 FF 01 
01 01 01 0B 06 45 4D 48   01 0E 15 C3 06 D2 01 77 
07 01 00 01 08 00 FF 64   01 02 82 01 62 1E 52 FF 
56 00 00 4D 12 6E 01 77   07 01 00 02 08 00 FF 64 
01 02 82 01 62 1E 52 FF   56 00 02 CF F6 70 01 77 
07 01 00 01 08 01 FF 01   01 62 1E 52 FF 56 00 00 
00 33 81 01 77 07 01 00   02 08 01 FF 01 01 62 1E 
52 FF 56 00 02 CF F6 70   01 77 07 01 00 01 08 02 
FF 01 01 62 1E 52 FF 56   00 00 4C DE ED 01 77 07 
01 00 02 08 02 FF 01 01   62 1E 52 FF 56 00 00 00 
00 00 01 77 07 01 00 10   07 00 FF 01 01 62 1B 52 
FF 55 00 00 06 92 01 77   07 81 81 C7 82 05 FF 01 
72 62 01 65 00 EC 2F FD   01 01 83 02 DA 58 25 9C 
39 38 88 3F F4 88 CB 4C   2A AA F1 EA 7D AC 2B 35 
AB 95 A2 67 E4 87 28 2B   37 32 F7 A7 81 5B 49 5E 
90 DF 45 8A 9E 1D 26 3E   85 A2 2D F9 01 01 01 63 
76 14 00 76 07 00 07 02   B3 15 09 62 00 62 00 72 
63 02 01 71 01 63 80 48   00 00 1B 1B 1B 1B 1A 01 
7E C3 1B 1B 1B 1B 01 01   01 01 76 07 00 07 02 B3 
15 0B 62 00 62 00 72 63   01 01 76 01 01 07 00 07 
00 EC 5C 59 0B 06 45 4D   48 01 0E 15 C3 06 D2 01 
01 63 67 45 00 76 07 00   07 02 B3 15 0C 62 00 62 
00 72 63 07 01 77 01 0B   06 45 4D 48 01 0E 15 C3 
06 D2 07 01 00 62 0A FF   FF 72 62 01 65 00 EC 2F 
FF 7A 77 07 81 81 C7 82   03 FF 01 01 01 01 04 45 
4D 48 01 77 07 01 00 00   00 09 FF 01 01 01 01 0B 
06 45 4D 48 01 0E 15 C3   06 D2 01 77 07 01 00 01 
08 00 FF 64 01 02 82 01   62 1E 52 FF 56 00 00 4D 
12 6F 01 77 07 01 00 02   08 00 FF 64 01 02 82 01 
62 1E 52 FF 56 00 02 CF   F6 70 01 77 07 01 00 01 
08 01 FF 01 01 62 1E 52   FF 56 00 00 00 33 81 01 
77 07 01 00 02 08 01 FF   01 01 62 1E 52 FF 56 00 
02 CF F6 70 01 77 07 01   00 01 08 02 FF 01 01 62 
1E 52 FF 56 00 00 4C DE   EE 01 77 07 01 00 02 08 
02 FF 01 01 62 1E 52 FF   56 00 00 00 00 00 01 77 
07 01 00 10 07 00 FF 01   01 62 1B 52 FF 55 00 00 
06 F7 01 77 07 81 81 C7   82 05 FF 01 72 62 01 65 
00 EC 2F FF 01 01 83 02   DA 58 25 9C 39 38 88 3F 
F4 88 CB 4C 2A AA F1 EA   7D AC 2B 35 AB 95 A2 67 
E4 87 28 2B 37 32 F7 A7   81 5B 49 5E 90 DF 45 8A 
9E 1D 26 3E 85 A2 2D F9   01 01 01 63 09 33 00 76 
07 00 07 02 B3 15 0F 62   00 62 00 72 63 02 01 71 
01 63 F7 BD 00 00 1B 1B   1B 1B 1A 01 21 71 1B 1B 
1B 1B 01 01 01 01 76 07   00 07 02 B3 15 11 62 00 
62 00 72 63 01 01 76 01   01 07 00 07 00 EC 5C 5B 
0B 06 45 4D 48 01 0E 15   C3 06 D2 01 01 63 03 BB 
00 76 07 00 07 02 B3 15   12 62 00 62 00 72 63 07 
01 77 01 0B 06 45 4D 48   01 0E 15 C3 06 D2 07 01 
00 62 0A FF FF 72 62 01   65 00 EC 30 01 7A 77 07 
81 81 C7 82 03 FF 01 01   01 01 04 45 4D 48 01 77 
07 01 00 00 00 09 FF 01   01 01 01 0B 06 45 4D 48 
01 0E 15 C3 06 D2 01 77   07 01 00 01 08 00 FF 64 
01 02 82 01 62 1E 52 FF   56 00 00 4D 12 70 01 77 
07 01 00 02 08 00 FF 64   01 02 82 01 62 1E 52 FF 
56 00 02 CF F6 70 01 77   07 01 00 01 08 01 FF 01 
01 62 1E 52 FF 56 00 00   00 33 81 01 77 07 01 00 
02 08 01 FF 01 01 62 1E   52 FF 56 00 02 CF F6 70 
01 77 07 01 00 01 08 02   FF 01 01 62 1E 52 FF 56 
00 00 4C DE EF 01 77 07   01 00 02 08 02 FF 01 01 
62 1E 52 FF 56 00 00 00   00 00 01 77 07 01 00 10 
07 00 FF 01 01 62 1B 52   FF 55 00 00 06 8F 01 77 
07 81 81 C7 82 05 FF 01   72 62 01 65 00 EC 30 01 
01 01 83 02 DA 58 25 9C   39 38 88 3F F4 88 CB 4C 
2A AA F1 EA 7D AC 2B 35   AB 95 A2 67 E4 87 28 2B 
37 32 F7 A7 81 5B 49 5E   90 DF 45 8A 9E 1D 26 3E 
85 A2 2D F9 01 01 01 63   9A A5 00 76 07 00 07 02 
B3 15 15 62 00 62 00 72   63 02 01 71 01 63 3A DB 
00 00 1B 1B 1B 1B 1A 01   71 50       
